7.836999999999999522e-01
7.834499999999999797e-01
7.834333333333333149e-01
7.834250000000000380e-01
7.834200000000000053e-01
7.832500000000000018e-01
7.832571428571428740e-01
7.832750000000000545e-01
7.832888888888889234e-01
7.833200000000000163e-01
7.832727272727272316e-01
7.832583333333332787e-01
7.832846153846153570e-01
7.832857142857142518e-01
7.832799999999999763e-01
7.832750000000000545e-01
7.832529411764705962e-01
7.832333333333333369e-01
7.832368421052631202e-01
7.832400000000000473e-01
7.832285714285713851e-01
7.832227272727272371e-01
7.832130434782608175e-01
7.832166666666666721e-01
7.832280000000000353e-01
7.832500000000000018e-01
7.832481481481481378e-01
7.832357142857142573e-01
7.832344827586207314e-01
7.832299999999999818e-01
7.832096774193548772e-01
7.832187499999999636e-01
7.832151515151515309e-01
7.832117647058823851e-01
7.832028571428570896e-01
7.832055555555555992e-01
7.832081081081081475e-01
7.832131578947368888e-01
7.832128205128204845e-01
7.832149999999999945e-01
7.832170731707317479e-01
7.832166666666666721e-01
7.832186046511627753e-01
7.832136363636363896e-01
7.832088888888888434e-01
7.832086956521738808e-01
7.832191489361701731e-01
7.832166666666666721e-01
7.832285714285713851e-01
7.832200000000000273e-01
7.832176470588235739e-01
7.832192307692307232e-01
7.832226415094339922e-01
7.832259259259258810e-01
7.832254545454545580e-01
7.832267857142857226e-01
7.832192982456139818e-01
7.832189655172413500e-01
7.832169491525423632e-01
7.832166666666666721e-01
7.832081967213114782e-01
7.832032258064516306e-01
7.832079365079365196e-01
7.832000000000000073e-01
7.832015384615385045e-01
7.831969696969697248e-01
7.831895522388059305e-01
7.831911764705882240e-01
7.831797101449274878e-01
7.831742857142857117e-01
7.831619718309859035e-01
7.831652777777777796e-01
7.831602739726027940e-01
7.831527027027026522e-01
7.831479999999999553e-01
7.831342105263158215e-01
7.831311688311688446e-01
7.831217948717948962e-01
7.831177215189872864e-01
7.831150000000000055e-01
7.831098765432098485e-01
7.831085365853658331e-01
7.831024096385542643e-01
7.831000000000000183e-01
7.830964705882352828e-01
7.830906976744186343e-01
7.830908045977011955e-01
7.830931818181817716e-01
7.830932584269663099e-01
7.830966666666666631e-01
7.830956043956044388e-01
7.831000000000000183e-01
7.831021505376344338e-01
7.831031914893616941e-01
7.831031578947368343e-01
7.831020833333333098e-01
7.830989690721649188e-01
7.831000000000000183e-01
7.831020202020202436e-01
7.830989999999999895e-01
7.830960396039603477e-01
7.830931372549019276e-01
7.830893203883495524e-01
7.830865384615384173e-01
7.830847619047619501e-01
7.830830188679245296e-01
7.830822429906542093e-01
7.830796296296296255e-01
7.830816513761468256e-01
7.830809090909091053e-01
7.830819819819819783e-01
7.830812499999999510e-01
7.830831858407080182e-01
7.830833333333333535e-01
7.830834782608695477e-01
7.830844827586206369e-01
7.830820512820513279e-01
7.830779661016948889e-01
7.830840336134453628e-01
7.830858333333333698e-01
7.830892561983471278e-01
7.830909836065573781e-01
7.830934959349593605e-01
7.830943548387097053e-01
7.830983999999999723e-01
7.831039682539682190e-01
7.831047244094487825e-01
7.831031250000000110e-01
7.831023255813953643e-01
7.831023076923077086e-01
7.831045801526717032e-01
7.831000000000000183e-01
7.830969924812030136e-01
7.830940298507462760e-01
7.830948148148147991e-01
7.830985294117647211e-01
7.830992700729927369e-01
7.830949275362318884e-01
7.830949640287769853e-01
7.830985714285714216e-01
7.830978723404254938e-01
7.831014084507041950e-01
7.831076923076922824e-01
7.831055555555556102e-01
7.831103448275862355e-01
7.831123287671233335e-01
7.831136054421768966e-01
7.831168918918919308e-01
7.831201342281879363e-01
7.831206666666666871e-01
7.831172185430463895e-01
7.831177631578947196e-01
7.831235294117646628e-01
7.831272727272726719e-01
7.831296774193547972e-01
7.831288461538461476e-01
7.831280254777069905e-01
7.831278481012657888e-01
7.831283018867924994e-01
7.831287500000000401e-01
7.831304347826086865e-01
7.831314814814814840e-01
7.831319018404907517e-01
7.831329268292682722e-01
7.831351515151515619e-01
7.831385542168675107e-01
7.831365269461078027e-01
7.831380952380951888e-01
7.831420118343195291e-01
7.831470588235294183e-01
7.831473684210525921e-01
7.831470930232558025e-01
7.831497109826589531e-01
7.831534482758620852e-01
7.831531428571428810e-01
7.831573863636364097e-01
7.831593220338982642e-01
7.831629213483145557e-01
7.831670391061452685e-01
7.831655555555555592e-01
7.831662983425414781e-01
7.831697802197802316e-01
7.831710382513661362e-01
7.831739130434782759e-01
7.831745945945945975e-01
7.831747311827956803e-01
7.831754010695186619e-01
7.831739361702128033e-01
7.831735449735449661e-01
7.831689473684210201e-01
7.831685863874345843e-01
7.831697916666666703e-01
7.831694300518134977e-01
7.831706185567010037e-01
7.831682051282051749e-01
7.831647959183672958e-01
7.831659898477156823e-01
7.831651515151515364e-01
7.831638190954773870e-01
7.831650000000000000e-01
7.831671641791044802e-01
7.831668316831683629e-01
7.831665024630541927e-01
7.831642156862744786e-01
7.831643902439023863e-01
7.831650485436892906e-01
7.831657004830917534e-01
7.831687499999999691e-01
7.831674641148325122e-01
7.831690476190475980e-01
7.831725118483412462e-01
7.831693396226414583e-01
7.831690140845070092e-01
7.831700934579439721e-01
7.831711627906976503e-01
7.831685185185185416e-01
7.831686635944700159e-01
7.831674311926605236e-01
7.831671232876712407e-01
7.831695454545454238e-01
7.831733031674208423e-01
7.831765765765765774e-01
7.831771300448430173e-01
7.831794642857142774e-01
7.831786666666666896e-01
7.831792035398229546e-01
7.831806167400880980e-01
7.831807017543859217e-01
7.831799126637554176e-01
7.831817391304347620e-01
7.831839826839827046e-01
7.831857758620689447e-01
7.831866952789700020e-01
7.831914529914529854e-01
7.831931914893617286e-01
7.831936440677965683e-01
7.831962025316455689e-01
7.831974789915966406e-01
7.831945606694560302e-01
7.831912500000000055e-01
7.831925311203319362e-01
7.831979338842974814e-01
7.831995884773662597e-01
7.831991803278688380e-01
7.831975510204081115e-01
7.832012195121951237e-01
7.832008097165992222e-01
7.832044354838709754e-01
7.832040160642570470e-01
7.832040000000000113e-01
7.832039840637450290e-01
7.832035714285714434e-01
7.832035573122529959e-01
7.832047244094487715e-01
7.832043137254901533e-01
7.832058593749999797e-01
7.832073929961089753e-01
7.832081395348837738e-01
7.832100386100385725e-01
7.832103846153846138e-01
7.832111111111110802e-01
7.832129770992366513e-01
7.832129277566539649e-01
7.832128787878788190e-01
7.832124528301886990e-01
7.832146616541353357e-01
7.832134831460674240e-01
7.832126865671641402e-01
7.832118959107806644e-01
7.832125925925925713e-01
7.832121771217712691e-01
7.832128676470587747e-01
7.832120879120879620e-01
7.832131386861314049e-01
7.832138181818182332e-01
7.832155797101448824e-01
7.832191335740071869e-01
7.832169064748201182e-01
7.832168458781362252e-01
7.832189285714286076e-01
7.832213523131672517e-01
7.832237588652481985e-01
7.832226148409894284e-01
7.832214788732394517e-01
7.832235087719298106e-01
7.832230769230769107e-01
7.832240418118466829e-01
7.832260416666666503e-01
7.832273356401383557e-01
7.832268965517241721e-01
7.832271477663230730e-01
7.832287671232877058e-01
7.832303754266211060e-01
7.832316326530611716e-01
7.832315254237287583e-01
7.832324324324324571e-01
7.832309764309763889e-01
7.832332214765100886e-01
7.832344481605351127e-01
7.832369999999999610e-01
7.832392026578073319e-01
7.832400662251655099e-01
7.832419141914191973e-01
7.832401315789473406e-01
7.832409836065573616e-01
7.832437908496732160e-01
7.832442996742671193e-01
7.832431818181818661e-01
7.832414239482200502e-01
7.832425806451612793e-01
7.832401929260449647e-01
7.832416666666666138e-01
7.832421725239616661e-01
7.832423566878981003e-01
7.832441269841269316e-01
7.832411392405063122e-01
7.832419558359621226e-01
7.832405660377358414e-01
7.832423197492163203e-01
7.832440625000000045e-01
7.832433021806853857e-01
7.832425465838509515e-01
7.832445820433436845e-01
7.832456790123456525e-01
7.832467692307691909e-01
7.832484662576687517e-01
7.832480122324159133e-01
7.832484756097560785e-01
7.832486322188449979e-01
7.832506060606060361e-01
7.832501510574018111e-01
7.832503012048193103e-01
7.832513513513513770e-01
7.832526946107783994e-01
7.832534328358209397e-01
7.832529761904761800e-01
7.832551928783382245e-01
7.832544378698225174e-01
7.832513274336283526e-01
7.832505882352941429e-01
7.832492668621701126e-01
7.832491228070175282e-01
7.832495626822157941e-01
7.832491279069767609e-01
7.832495652173913081e-01
7.832488439306358741e-01
7.832463976945245321e-01
7.832465517241379294e-01
7.832458452722063091e-01
7.832468571428571336e-01
7.832472934472934911e-01
7.832457386363635976e-01
7.832456090651558345e-01
7.832457627118644128e-01
7.832476056338028014e-01
7.832455056179775665e-01
7.832456582633052777e-01
7.832452513966480234e-01
7.832462395543176026e-01
7.832466666666666466e-01
7.832468144044321123e-01
7.832472375690607835e-01
7.832471074380165099e-01
7.832480769230769635e-01
7.832479452054794677e-01
7.832486338797813863e-01
7.832487738419618983e-01
7.832505434782608411e-01
7.832493224932249865e-01
7.832483783783783515e-01
7.832469002695418014e-01
7.832481182795698604e-01
7.832487935656836653e-01
7.832486631016042367e-01
7.832493333333333529e-01
7.832484042553191639e-01
7.832496021220158866e-01
7.832518518518518658e-01
7.832530343007915175e-01
7.832531578947368178e-01
7.832538057742781668e-01
7.832557591623036108e-01
7.832530026109660870e-01
7.832536458333333451e-01
7.832537662337661910e-01
7.832536269430051545e-01
7.832547803617571081e-01
7.832548969072165024e-01
7.832537275064267446e-01
7.832533333333333569e-01
7.832537084398977223e-01
7.832553571428571004e-01
7.832567430025445532e-01
7.832565989847716237e-01
7.832564556962025026e-01
7.832580808080807921e-01
7.832594458438286722e-01
7.832603015075376707e-01
7.832624060150376044e-01
7.832627500000000076e-01
7.832628428927680408e-01
7.832644278606964994e-01
7.832652605459057282e-01
7.832663366336634070e-01
7.832664197530864181e-01
7.832667487684729091e-01
7.832673218673218418e-01
7.832691176470588656e-01
7.832706601466992158e-01
7.832702439024390451e-01
7.832715328467153570e-01
7.832713592233009336e-01
7.832723970944309722e-01
7.832714975845410654e-01
7.832732530120481984e-01
7.832725961538461457e-01
7.832729016786570408e-01
7.832729665071770375e-01
7.832747016706443910e-01
7.832754761904762164e-01
7.832752969121140607e-01
7.832765402843602232e-01
7.832763593380615008e-01
7.832754716981131793e-01
7.832745882352941669e-01
7.832741784037559052e-01
7.832740046838407855e-01
7.832735981308410755e-01
7.832755244755245094e-01
7.832755813953488078e-01
7.832765661252900635e-01
7.832768518518518075e-01
7.832769053117782931e-01
7.832774193548387442e-01
7.832777011494252983e-01
7.832759174311926254e-01
7.832762013729976935e-01
7.832769406392694478e-01
7.832781321184509871e-01
7.832790909090908693e-01
7.832784580498866056e-01
7.832796380090497612e-01
7.832794582392776928e-01
7.832808558558558287e-01
7.832813483146067179e-01
7.832800448430493612e-01
7.832800894854585749e-01
7.832794642857142664e-01
7.832792873051225291e-01
7.832795555555555067e-01
7.832798226164079392e-01
7.832796460176990605e-01
7.832805739514349108e-01
7.832799559471366191e-01
7.832808791208790700e-01
7.832809210526315846e-01
7.832809628008752245e-01
7.832820960698689827e-01
7.832836601307189284e-01
7.832836956521739280e-01
7.832828633405639618e-01
7.832837662337662765e-01
7.832840172786177391e-01
7.832855603448275472e-01
7.832851612903225513e-01
7.832845493562231587e-01
7.832856531049250393e-01
7.832861111111111274e-01
7.832869936034114744e-01
7.832876595744681092e-01
7.832868365180467585e-01
7.832875000000000254e-01
7.832885835095136917e-01
7.832894514767932970e-01
7.832896842105263602e-01
7.832888655462184602e-01
7.832888888888889234e-01
7.832889121338911798e-01
7.832874739039665801e-01
7.832891666666667030e-01
7.832893970893970437e-01
7.832881742738588837e-01
7.832865424430641710e-01
7.832865702479339109e-01
7.832865979381443688e-01
7.832870370370370594e-01
7.832874743326488920e-01
7.832872950819672608e-01
7.832887525562372000e-01
7.832887755102040384e-01
7.832890020366598538e-01
7.832886178861788729e-01
7.832884381338742763e-01
7.832888663967610965e-01
7.832896969696969691e-01
7.832905241935483875e-01
7.832905432595573814e-01
7.832899598393574525e-01
7.832895791583166512e-01
7.832894000000000245e-01
7.832910179640718562e-01
7.832910358565736697e-01
7.832924453280317723e-01
7.832924603174603595e-01
7.832924752475247665e-01
7.832924901185770450e-01
7.832942800788954552e-01
7.832935039370079178e-01
7.832931237721021400e-01
7.832943137254901877e-01
7.832939334637964990e-01
7.832933593749999979e-01
7.832929824561403187e-01
7.832928015564202262e-01
7.832935922330097611e-01
7.832941860465115758e-01
7.832945841392650044e-01
7.832949806949807137e-01
7.832951830443160013e-01
7.832948076923076375e-01
7.832948176583492961e-01
7.832948275862069432e-01
7.832948374760994037e-01
7.832954198473282004e-01
7.832967619047619401e-01
7.832965779467681022e-01
7.832971537001897078e-01
7.832977272727272844e-01
7.832982986767486056e-01
7.832979245283019365e-01
7.832979284369114836e-01
7.832990601503759809e-01
7.833009380863039661e-01
7.833011235955056328e-01
7.833013084112149249e-01
7.833016791044775662e-01
7.833022346368715416e-01
7.833029739776952161e-01
7.833050092764378691e-01
7.833053703703704018e-01
7.833046210720887581e-01
7.833046125461254894e-01
7.833036832412523243e-01
7.833053308823529903e-01
7.833060550458715854e-01
7.833069597069597378e-01
7.833067641681901172e-01
7.833063868613138192e-01
7.833056466302368293e-01
7.833072727272727409e-01
7.833074410163339829e-01
7.833072463768115945e-01
7.833074141048824712e-01
7.833075812274368221e-01
7.833082882882882458e-01
7.833089928057553886e-01
7.833093357271094792e-01
7.833089605734766536e-01
7.833085867620751541e-01
7.833087499999999981e-01
7.833105169340462970e-01
7.833099644128114214e-01
7.833104795737122483e-01
7.833097517730496229e-01
7.833097345132743472e-01
7.833098939929328264e-01
7.833091710758377513e-01
7.833103873239436465e-01
7.833107205623901503e-01
7.833112280701753916e-01
7.833115586690017063e-01
7.833115384615384480e-01
7.833125654450261433e-01
7.833128919860626871e-01
7.833132173913043284e-01
7.833128472222222749e-01
7.833126516464471445e-01
7.833145328719722800e-01
7.833165803108808056e-01
7.833165517241379439e-01
7.833166953528398757e-01
7.833175257731959107e-01
7.833181818181818024e-01
7.833186643835616803e-01
7.833205128205128487e-01
7.833209897610921013e-01
7.833207836456558271e-01
7.833212585034013964e-01
7.833213921901528431e-01
7.833218644067796443e-01
7.833225042301183993e-01
7.833224662162162621e-01
7.833227655986508831e-01
7.833245791245790901e-01
7.833248739495798363e-01
7.833250000000000490e-01
7.833256281407035004e-01
7.833255852842809785e-01
7.833260434056761312e-01
7.833251666666666280e-01
7.833249584026622525e-01
7.833252491694352448e-01
7.833262023217246739e-01
7.833268211920529911e-01
7.833271074380164789e-01
7.833267326732673563e-01
7.833271828665567815e-01
7.833282894736841584e-01
7.833295566502462837e-01
7.833296721311475697e-01
7.833283142389525500e-01
7.833279411764706435e-01
7.833283849918434294e-01
7.833281758957654217e-01
7.833284552845528603e-01
7.833280844155844358e-01
7.833280388978930420e-01
7.833288025889967310e-01
7.833285945072697709e-01
7.833293548387096905e-01
7.833301127214170601e-01
7.833305466237941994e-01
7.833298555377207206e-01
7.833291666666666320e-01
7.833289599999999631e-01
7.833301916932907671e-01
7.833309409888357111e-01
7.833313694267516336e-01
7.833313195548489150e-01
7.833306349206349273e-01
7.833316957210776366e-01
7.833318037974683623e-01
7.833312796208530271e-01
7.833321766561514021e-01
7.833325984251968688e-01
7.833341194968553856e-01
7.833337519623233547e-01
7.833335423197491654e-01
7.833334898278559999e-01
7.833328124999999753e-01
7.833332293291731530e-01
7.833336448598130497e-01
7.833339035769828484e-01
7.833341614906832451e-01
7.833336434108527646e-01
7.833334365325077542e-01
7.833336939721793346e-01
7.833336419753086366e-01
7.833343605546995159e-01
7.833344615384615350e-01
7.833341013824884902e-01
7.833334355828220907e-01
7.833344563552833151e-01
7.833344036697247326e-01
7.833340458015267682e-01
7.833344512195121734e-01
7.833347031963470153e-01
7.833344984802431687e-01
7.833352048558421821e-01
7.833351515151515398e-01
7.833349470499243461e-01
7.833361027190332004e-01
7.833369532428355875e-01
7.833362951807228969e-01
7.833374436090225768e-01
7.833376876876876338e-01
7.833392803598201448e-01
7.833404191616766266e-01
7.833399103139013775e-01
7.833405970149254216e-01
7.833409836065573506e-01
7.833404761904761981e-01
7.833410104011887531e-01
7.833425816023739108e-01
7.833422222222222731e-01
7.833430473372781089e-01
7.833429837518464112e-01
7.833432153392330122e-01
7.833434462444771595e-01
7.833452941176470841e-01
7.833466960352423181e-01
7.833476539589442345e-01
7.833480234260614683e-01
7.833472222222221948e-01
7.833468613138686587e-01
7.833462099125364508e-01
7.833465793304221769e-01
7.833472383720929688e-01
7.833470246734397513e-01
7.833473913043478287e-01
7.833471780028943288e-01
7.833473988439306757e-01
7.833481962481962935e-01
7.833492795389048746e-01
7.833486330935252040e-01
7.833495689655172178e-01
7.833492109038737716e-01
7.833499999999999908e-01
7.833507868383404738e-01
7.833507142857142336e-01
7.833507845934379876e-01
7.833517094017093951e-01
7.833523470839259817e-01
7.833524147727273235e-01
7.833526241134751711e-01
7.833529745042493442e-01
7.833540311173974313e-01
7.833533898305085064e-01
7.833523272214386601e-01
7.833525352112675755e-01
7.833524613220815835e-01
7.833522471910112639e-01
7.833525946704067433e-01
7.833535014005602592e-01
7.833530069930070283e-01
7.833532122905028094e-01
7.833536959553696333e-01
7.833544568245125461e-01
7.833545201668984381e-01
7.833547222222222439e-01
7.833557558945908328e-01
7.833563711911357696e-01
7.833567081604425608e-01
7.833574585635358911e-01
7.833576551724138470e-01
7.833586776859504663e-01
7.833585969738652288e-01
7.833592032967032770e-01
7.833593964334705229e-01
7.833595890410959273e-01
7.833606019151846400e-01
7.833607923497267755e-01
7.833618008185538883e-01
7.833621253405994578e-01
7.833624489795918411e-01
7.833624999999999616e-01
7.833624151967435445e-01
7.833639566395663723e-01
7.833637347767252734e-01
7.833641891891891529e-01
7.833636977058029416e-01
7.833645552560647429e-01
7.833659488559892026e-01
7.833662634408602443e-01
7.833671140939597599e-01
7.833682305630026432e-01
7.833690763052209016e-01
7.833699197860962693e-01
7.833707610146862788e-01
7.833708000000000338e-01
7.833717709720372513e-01
7.833723404255319434e-01
7.833733067729083954e-01
7.833729442970822632e-01
7.833737748344370422e-01
7.833740740740741115e-01
7.833750330250990324e-01
7.833750659630607238e-01
7.833748353096179340e-01
7.833760526315789452e-01
7.833763469119578993e-01
7.833762467191600631e-01
7.833757536041939806e-01
7.833753926701571002e-01
7.833752941176470586e-01
7.833748041775456805e-01
7.833753585397653652e-01
7.833761718749999714e-01
7.833780234070221171e-01
7.833787012987013521e-01
7.833795071335927229e-01
7.833796632124352399e-01
7.833807244501940215e-01
7.833808785529715601e-01
7.833818064516129276e-01
7.833820876288659640e-01
7.833824967824968288e-01
7.833821336760925513e-01
7.833821566110398260e-01
7.833829487179486684e-01
7.833833546734955133e-01
7.833838874680306708e-01
7.833832694763729343e-01
7.833825255102040419e-01
7.833821656050955484e-01
7.833820610687023400e-01
7.833817026683608242e-01
7.833823604060913270e-01
7.833833967046894831e-01
7.833844303797468100e-01
7.833850821744626769e-01
7.833853535353535458e-01
7.833856242118537594e-01
7.833867758186398023e-01
7.833865408805031905e-01
7.833870603015075096e-01
7.833878293601004295e-01
7.833874686716791880e-01
7.833873591989987117e-01
7.833885000000000431e-01
7.833888888888889124e-01
7.833892768079800950e-01
7.833890410958903594e-01
7.833894278606965411e-01
7.833889440993788700e-01
7.833884615384615335e-01
7.833890954151176977e-01
7.833897277227722666e-01
7.833893695920890465e-01
7.833907407407407764e-01
7.833907521578298283e-01
7.833911330049261323e-01
7.833915129151292067e-01
7.833923832923832542e-01
7.833923926380368385e-01
7.833928921568626969e-01
7.833937576499387934e-01
7.833944987775061097e-01
7.833956043956044057e-01
7.833959756097560456e-01
7.833964677222898798e-01
7.833972019464719994e-01
7.833981773997570341e-01
7.833983009708738177e-01
7.833980606060606533e-01
7.833980629539951668e-01
7.833978234582829048e-01
7.833986714975845755e-01
7.833984318455970985e-01
7.833984337349397808e-01
7.833991576413958935e-01
7.833990384615384661e-01
7.833998799519807932e-01
7.833999999999999853e-01
7.834001197604790745e-01
7.834014354066985986e-01
7.834011947431301914e-01
7.834020286396181643e-01
7.834014302741358904e-01
7.834015476190475669e-01
7.834016646848989129e-01
7.834013064133016346e-01
7.834022538552787296e-01
7.834027251184834117e-01
7.834033136094674665e-01
7.834036643026004443e-01
7.834042502951593656e-01
7.834036556603773960e-01
7.834037691401648518e-01
7.834044705882352577e-01
7.834050528789658907e-01
7.834049295774647703e-01
7.834051582649472767e-01
7.834062060889930290e-01
7.834067836257310180e-01
7.834068925233644842e-01
7.834070011668611277e-01
7.834081585081584809e-01
7.834084982537834474e-01
7.834084883720929815e-01
7.834087108013937373e-01
7.834078886310904544e-01
7.834083429895712936e-01
7.834087962962963392e-01
7.834080924855491013e-01
7.834076212471131617e-01
7.834080738177624514e-01
7.834085253456221087e-01
7.834090909090909438e-01
7.834094252873563535e-01
7.834099885189437229e-01
7.834103211009174617e-01
7.834109965635739359e-01
7.834105263157894461e-01
7.834109714285714121e-01
7.834116438356164558e-01
7.834115165336373865e-01
7.834126423690205288e-01
7.834131968145620073e-01
7.834123863636364149e-01
7.834127128263337347e-01
7.834128117913832234e-01
7.834133635334088464e-01
7.834130090497737342e-01
7.834136723163841465e-01
7.834146726862302179e-01
7.834137542277339605e-01
7.834143018018018267e-01
7.834147356580427601e-01
7.834151685393258013e-01
7.834149270482604344e-01
7.834159192825111973e-01
7.834161254199327740e-01
7.834164429530201534e-01
7.834164245810055771e-01
7.834169642857142790e-01
7.834168338907468998e-01
7.834172605790645783e-01
7.834170189098998982e-01
7.834172222222222093e-01
7.834175360710321501e-01
7.834174057649667677e-01
7.834170542635658929e-01
7.834165929203539269e-01
7.834166850828728768e-01
7.834177704194260627e-01
7.834183020948181086e-01
7.834178414096916176e-01
7.834176017601760522e-01
7.834175824175824143e-01
7.834171240395170210e-01
7.834163377192981947e-01
7.834159912376780222e-01
7.834166301969365254e-01
7.834166120218579721e-01
7.834168122270742662e-01
7.834165757906216276e-01
7.834161220043572849e-01
7.834174102285093033e-01
7.834173913043478432e-01
7.834178067318132710e-01
7.834180043383948133e-01
7.834183098591549488e-01
7.834183982683983194e-01
7.834194594594594552e-01
7.834198704103672029e-01
7.834199568500539446e-01
7.834198275862068739e-01
7.834203444564047381e-01
7.834201075268817371e-01
7.834201933404940643e-01
7.834204935622317567e-01
7.834204715969989019e-01
7.834207708779443724e-01
7.834207486631016293e-01
7.834204059829059652e-01
7.834205976520811632e-01
7.834206823027718425e-01
7.834210862619808147e-01
7.834212765957446756e-01
7.834219978746015389e-01
7.834219745222930076e-01
7.834224814422057204e-01
7.834228813559321880e-01
7.834229629629629876e-01
7.834238900634249436e-01
7.834241816261879876e-01
7.834246835443038348e-01
7.834249736564805611e-01
7.834250526315789109e-01
7.834247108307045293e-01
7.834247899159664241e-01
7.834254984260230481e-01
7.834249475890985304e-01
7.834257591623036143e-01
7.834267782426778126e-01
7.834268547544409600e-01
7.834267223382045398e-01
7.834270072992700618e-01
7.834262499999999907e-01
7.834262226847034105e-01
7.834269230769230763e-01
7.834261682242991132e-01
7.834267634854771289e-01
7.834267357512952890e-01
7.834272256728778139e-01
7.834268872802482298e-01
7.834260330578511899e-01
7.834263157894736374e-01
7.834264948453608657e-01
7.834265705458290929e-01
7.834267489711934651e-01
7.834268242548818595e-01
7.834267967145790434e-01
7.834270769230768927e-01
7.834277663934425817e-01
7.834280450358239722e-01
7.834286298568506890e-01
7.834281920326864324e-01
7.834286734693877152e-01
7.834292558613659141e-01
7.834296334012219587e-01
7.834295015259410411e-01
7.834296747967479657e-01
7.834297461928934059e-01
7.834303245436105012e-01
7.834308004052684682e-01
7.834310728744938723e-01
7.834320525783620148e-01
7.834321212121212463e-01
7.834318869828456045e-01
7.834313508064516540e-01
7.834308157099697523e-01
7.834305835010060282e-01
7.834310552763819047e-01
7.834313253012048506e-01
7.834313941825475913e-01
7.834314629258517515e-01
7.834318318318318486e-01
7.834320000000000173e-01
